100.000000 -8.440557 -5.390966 0.203013 3.061826 5.609573 -2.344674
100.000000 5.650491 -2.707725 3.926692 3.977822 -2.630838 -3.845159
100.000000 -4.957566 1.445414 -0.257611 3.890510 -3.432738 3.243424
100.000000 -6.193288 -0.305169 0.501174 -4.012366 5.829678 -0.481757
100.000000 -4.410643 5.408505 -4.115630 -0.500914 1.552738 2.956346
100.000000 7.968818 -3.778830 8.948426 -2.584693 0.070714 -0.698173
100.000000 4.996140 -2.998057 -5.733947 -2.949379 6.143535 -0.692078
100.000000 3.896321 3.499420 -9.833220 0.789766 0.555004 -2.550061
100.000000 -6.698065 7.915605 -2.066982 1.664203 3.129318 0.084515
100.000000 -7.209273 5.182092 -3.791446 4.432592 4.478212 3.183900
100.000000 -1.705424 -4.430885 -0.754538 2.404116 1.400965 0.264383
100.000000 -2.564084 -1.011952 -2.547685 -0.986226 1.060257 -1.495194
100.000000 0.371088 2.676420 -8.506602 -0.415925 -4.188820 0.766228
100.000000 5.375272 -0.572154 5.530144 2.415137 -5.477490 -5.231433
100.000000 1.017514 -4.230087 3.996365 -5.478336 -2.132040 -0.109735
100.000000 6.613261 2.724540 -2.991736 -2.213625 0.094923 0.498365
100.000000 8.506209 0.979627 -2.887136 0.134164 -5.697251 1.347511
100.000000 0.843266 -3.555695 1.960960 -1.746204 -7.549287 3.104986
100.000000 0.769536 0.796826 2.695228 8.838363 -0.286158 -2.418789
100.000000 -4.544250 -3.051598 -6.939379 -2.432925 1.505785 -5.793305
100.000000 5.505500 -3.077529 10.293116 10.001401 -13.938172 -4.756788
100.000000 3.742723 -4.185089 2.567248 -0.201793 -7.996393 -1.511100
100.000000 4.407691 1.108970 -2.269116 2.800291 -4.870446 0.634720
100.000000 -4.388908 -3.671202 0.901077 -5.555291 -3.182225 -2.722398
100.000000 4.052297 -5.696429 5.246380 -2.187791 1.509931 -4.714967
100.000000 -0.351637 0.663869 6.823289 6.149342 3.491750 4.607503
100.000000 0.008960 5.645065 11.453806 0.701441 -6.601706 5.123497
100.000000 1.241440 0.435052 0.657893 -0.416042 -1.153348 6.641300
100.000000 3.351789 2.140883 -0.213379 -1.152983 2.303659 0.916230
100.000000 -2.658572 0.072206 -6.366869 1.467573 -3.574438 -1.570017
100.000000 -3.140671 -4.372690 -1.875371 6.694182 7.030797 -5.871986
100.000000 3.761245 -0.970386 10.499361 -4.126351 -0.658730 1.205200
100.000000 1.960687 0.788530 4.109463 0.066297 1.236030 4.162743
100.000000 1.152674 -0.039221 3.924662 11.447478 0.545306 1.326430
100.000000 5.758806 2.881194 -2.743267 1.840249 1.439979 -4.349479
100.000000 -0.937015 -0.638058 7.351360 -2.518196 2.305626 0.674297
100.000000 9.899901 4.363551 -0.826029 -2.523510 4.822953 -4.344883
100.000000 1.390568 0.752845 -0.527044 -0.306483 5.496307 -3.191312
100.000000 -1.673455 3.332680 7.692092 1.371340 -3.421404 4.007173
100.000000 -7.147884 -0.023714 0.115436 -3.618773 -2.370291 -6.067736
100.000000 -0.413462 0.001123 -5.700171 4.709681 0.711676 6.325660
100.000000 2.162731 0.535414 5.375851 2.631697 8.803870 -5.377765
100.000000 8.317721 1.473019 -0.589491 0.280639 -1.464812 7.086508
100.000000 -0.768459 4.908802 3.994486 2.171261 -0.088109 3.149628
100.000000 -5.915790 2.309067 -1.561360 -0.625896 5.940294 6.562912
100.000000 -0.368139 -3.931204 1.342264 7.103829 0.961354 -5.754651
100.000000 2.722601 3.278131 2.533744 -0.945392 1.866477 -1.474694
100.000000 -2.206772 5.178321 11.103052 -0.412500 0.130610 6.459058
100.000000 0.001690 -0.547817 -3.579581 -4.042545 3.324489 6.807958
100.000000 -1.379897 1.844088 -4.202423 -2.213511 0.134588 -1.516689
100.000000 -1.241516 -2.994717 -2.796707 7.232597 1.661676 -8.987094
100.000000 15.022120 -2.123319 2.651357 -2.483519 5.177974 4.737608
100.000000 -3.767136 -0.376773 -4.332092 0.214122 -2.152738 -2.036265
100.000000 -0.472046 5.461349 -1.993627 4.314944 6.228249 -5.611857
100.000000 1.260350 1.320980 -1.171505 4.523767 0.449473 2.046768
100.000000 3.552550 -0.852438 6.946616 0.002262 7.220052 8.491199
100.000000 -2.833703 -1.853740 1.352660 -3.050809 3.509942 3.458466
100.000000 10.551139 -4.992517 -0.815597 -2.732274 4.415232 -2.426135
100.000000 11.279996 1.487508 -2.489413 1.755166 -0.502205 -0.969526
100.000000 -4.573740 -5.900101 -6.000303 -2.755875 -7.206294 -1.593788
100.000000 1.784926 -4.450710 -2.399045 -8.868182 -7.266041 -6.149480
100.000000 1.014307 1.456549 3.027143 1.569588 2.623855 -4.530748
100.000000 -7.864822 4.977561 1.090381 0.535058 2.422545 6.579913
100.000000 -6.421442 2.026438 2.397096 6.202780 -8.163507 3.027735
100.000000 4.618620 -1.007223 -2.567140 -0.450640 11.523460 -2.478274
100.000000 -1.026463 -5.915605 -5.169648 -4.616684 -3.205532 -0.101623
100.000000 -4.280098 0.623403 4.226681 -0.525189 -4.083037 -9.104446
100.000000 -3.104845 5.042562 0.287031 -3.476093 10.350679 -2.011570
100.000000 -5.384754 3.643738 -1.471287 -0.950841 -6.525046 -0.350280
100.000000 3.633001 6.324034 1.402016 2.354859 -2.723817 4.322816
100.000000 -2.330496 -0.461060 -0.973544 -2.168401 -1.783819 -5.605814
100.000000 -1.953683 4.203990 -1.323200 -3.834347 -9.441859 0.020575
100.000000 -5.238626 -2.345263 5.797781 -1.079701 -0.057797 -2.225521
100.000000 4.736405 1.021002 -0.008700 -0.851971 2.382400 -4.229175
100.000000 -1.582731 -1.046831 -1.427125 -5.471546 -3.191874 -1.940795
100.000000 1.209307 -4.451587 7.545533 -4.026467 -6.128311 0.704202
100.000000 2.899405 5.120856 -4.235821 2.082996 2.723854 6.746723
100.000000 6.133627 -6.954353 -1.112397 -0.012085 -3.125749 0.320423
100.000000 4.309289 0.578536 -2.131659 -6.908537 7.773145 -2.784989
100.000000 5.839444 0.521270 4.636241 -4.257211 -0.667082 1.635824
100.000000 0.661354 9.010786 1.844492 0.271504 -10.657761 -0.795492
100.000000 -8.844988 -1.080971 -4.080885 -0.882698 -3.224068 6.535589
100.000000 -4.994799 0.496170 -7.283445 4.245414 3.557357 3.162541
100.000000 -1.456170 3.233023 -3.755813 2.308895 -0.118634 5.911662
100.000000 0.189633 -0.389923 3.633178 -4.539784 -2.174515 -5.317938
100.000000 -3.873080 -6.963536 3.201659 4.447765 -3.680449 -5.803199
100.000000 -2.403121 1.422373 -6.540449 -0.980954 4.336641 3.287379
100.000000 3.297041 -1.941680 -7.050092 0.595368 4.360025 2.747160
100.000000 -0.444040 2.222088 -3.724297 -2.882900 5.126279 -0.191910
100.000000 -0.763063 -0.945271 -0.609181 -0.624285 -4.564766 -2.897786
100.000000 5.521180 -9.005396 1.230502 -2.558521 1.600211 -1.037250
100.000000 -1.860641 6.107754 -2.949703 5.945426 -1.825479 4.100843
100.000000 5.393679 1.614957 -8.108278 -3.748123 2.587748 3.855365
100.000000 -3.561100 -4.381449 -0.016340 0.462532 6.059485 -8.057589
100.000000 -7.779137 0.101112 0.806013 -2.745227 2.954707 6.726906
100.000000 -1.555008 -2.535508 -2.889689 1.669098 2.631171 -1.440924
100.000000 -4.252009 5.117186 2.134224 -8.287025 -4.522422 2.688210
100.000000 4.059642 0.774068 6.239016 3.825033 -2.929398 3.655467
100.000000 -4.340412 1.697578 -3.513371 -6.341442 -2.320022 1.416832
100.000000 3.696915 2.722933 3.578390 4.454296 1.324276 -3.506532
100.000000 4.494579 -11.232049 -4.829122 0.191685 -3.708750 0.680928
100.000000 4.141182 -2.607799 5.471704 -5.322365 -1.223534 -3.320633
100.000000 7.007203 -2.878911 -3.695642 -1.884511 0.844228 4.980790
100.000000 4.288868 -5.228140 2.681460 -0.161328 6.262389 2.342393
100.000000 -3.651661 1.286113 -0.205243 -2.897276 2.743540 1.934988
100.000000 5.727231 4.688783 3.923990 3.791563 2.115323 -1.848421
100.000000 -2.893498 5.471492 -3.706539 -5.339646 2.104003 -3.608980
100.000000 1.962435 -0.337471 -9.662277 4.078463 -3.682415 -1.561404
100.000000 2.285503 1.398711 -2.067677 0.773993 -3.192118 1.828596
100.000000 3.411275 -2.303798 -2.882107 0.717292 -10.799688 -1.861809
100.000000 -1.544580 -3.735794 1.133557 1.029931 -1.422041 12.081695
100.000000 -1.456483 0.717011 5.965121 -2.286383 -1.711242 4.051197
100.000000 1.286703 1.802931 5.279130 7.061726 -9.132735 7.587207
100.000000 -6.892051 -1.968600 2.968326 0.758545 -1.363934 -5.693651
100.000000 -0.679313 3.861204 -0.541682 -3.737815 3.135499 1.131808
100.000000 -1.949474 2.775671 -3.001360 -2.451055 -8.886512 -0.928812
100.000000 0.174109 -2.967465 0.602909 0.209710 -2.036484 2.227888
100.000000 5.685390 1.641032 -1.072639 2.707867 2.250075 5.001073
100.000000 5.793568 -2.825758 -2.203984 -0.945076 -7.167273 -8.622715
100.000000 -6.140738 -0.285330 2.633870 -2.235848 4.563877 -1.493219
100.000000 3.904368 -4.586520 -1.859483 3.113385 1.485247 -4.970475
100.000000 -4.410122 -1.329109 2.930319 1.352337 -4.500707 -5.468587
100.000000 0.610746 0.125328 -4.436312 1.225857 -1.195104 4.093134
100.000000 -4.452816 0.119214 8.609586 2.204512 -2.400716 2.166180
100.000000 7.660374 0.056052 3.031218 -7.435887 5.098877 -3.862997
100.000000 5.736625 -7.122529 -1.151061 2.922448 0.203656 -5.952701
100.000000 3.729152 -10.015529 -1.320050 2.512371 -2.841667 -4.105181
100.000000 3.400834 1.196530 5.445671 -8.326628 4.831148 -0.901788
100.000000 -2.123433 -0.834919 -2.277532 0.835603 -0.753636 1.417635
100.000000 10.444188 3.471328 6.410422 -2.938553 -0.267322 0.696258
100.000000 -2.987693 -0.400627 -1.584516 3.339425 -5.238656 -1.356233
100.000000 5.111287 6.602219 4.695146 0.564460 0.235514 4.102202
100.000000 -3.125960 2.114541 6.230022 1.279397 -2.221746 -1.722722
100.000000 -0.597681 4.772119 4.003025 5.365277 -7.134486 7.807899
100.000000 -4.809901 -2.031094 1.303305 -1.549721 0.078207 -0.718117
100.000000 6.428235 -2.176097 5.937037 -9.323932 -4.582376 0.381125
100.000000 -1.956004 6.124280 0.676069 -3.459625 -0.151409 -6.823356
100.000000 3.141032 8.068156 5.930842 -4.409839 -2.916571 0.375425
100.000000 3.722201 -0.187418 1.105648 -3.730120 -7.536953 2.152473
100.000000 2.572764 -6.554230 6.772977 -0.429971 1.057033 -2.355211
100.000000 -13.898105 -0.797708 -4.013495 -1.758436 -3.810807 -0.409590
100.000000 -0.368559 -3.753343 1.097842 -6.625983 1.415298 -6.766633
100.000000 8.373954 -2.496840 6.770485 -0.043754 -8.324590 -1.700243
100.000000 -13.419424 -3.252230 -2.762645 8.052520 -0.195367 3.784166
100.000000 -8.415118 -0.067717 1.587913 0.567055 6.469300 -0.441086
100.000000 6.692562 5.358682 5.679975 -0.642800 0.656731 2.600991
100.000000 0.972460 -3.856768 3.053161 0.574268 -9.834620 -1.527897
100.000000 3.711866 1.715480 -2.433254 10.181222 -2.373449 -2.614143
100.000000 4.005225 0.485448 -8.068835 -2.290787 0.471905 -3.906780
100.000000 6.565474 4.019187 -0.564287 -0.001279 -8.462175 4.639057
100.000000 -1.175086 0.930666 4.184248 5.833419 5.764467 5.658839
100.000000 -0.948912 2.018824 -5.481924 -3.162527 -0.852230 2.269236
100.000000 -1.053961 -5.386911 -0.307805 -2.875397 -2.279591 -1.284228
100.000000 9.050372 -9.709235 4.165051 3.291318 -1.627798 3.529272
100.000000 -7.572099 -0.665497 -12.576869 -6.334906 1.134605 1.644183
100.000000 -3.451408 -1.063941 5.320691 -0.044632 -1.198472 0.342557
100.000000 -0.191600 2.283251 4.312284 3.272329 -0.869627 1.882006
100.000000 -8.536993 0.453225 4.429518 1.884854 3.875308 0.692410
100.000000 1.434149 4.609920 -0.983204 -2.230143 5.043915 -4.145167
100.000000 5.162373 -2.694320 -10.301562 -2.080338 -3.692761 5.383749
100.000000 -10.187866 -8.207093 5.073446 -2.675759 3.026201 -0.437853
100.000000 0.852134 5.058371 1.441386 12.644572 -0.798031 -6.058766
100.000000 4.064401 6.249635 6.975465 -5.719929 6.630478 0.438291
100.000000 -1.939860 -1.701551 1.078868 -2.368421 -1.044729 -0.997378
100.000000 0.617888 -12.072543 -5.858832 5.745829 0.985924 0.821870
100.000000 1.162125 1.915805 -1.361699 4.269175 -0.428647 5.488314
100.000000 -2.372091 1.578225 -0.505868 3.415066 0.917093 -3.462133
100.000000 -5.287106 -3.699555 5.532323 0.663116 5.102717 3.548926
100.000000 -2.062530 -4.820869 -3.757221 -2.709449 -1.880296 2.521286
100.000000 0.549338 -2.313665 -9.435663 -2.269204 -1.774851 -3.608266
100.000000 -4.449316 -3.163277 3.018632 -5.800994 7.359801 -4.352531
100.000000 -3.633482 8.332344 1.172279 -0.188184 -2.231913 -3.469474
100.000000 -1.953773 -6.444122 -5.837184 -4.383531 -0.257636 -6.608169
100.000000 -2.870153 4.119897 -1.240262 -1.598250 -7.880864 -3.130292
100.000000 2.363265 1.657695 2.473649 1.906620 -5.825735 -0.388392
100.000000 -0.887448 5.212347 5.313443 5.090368 2.246443 -0.514788
100.000000 3.204450 -0.895519 1.853851 3.332642 1.421870 -5.794819
100.000000 -4.912593 -1.037846 -7.800362 1.966267 -1.145657 4.213094
100.000000 -6.500144 -4.106562 2.211856 -7.749669 -3.138024 -2.318204
100.000000 -1.463031 0.258436 -4.352639 2.361896 -3.306393 1.005846
100.000000 3.871955 1.094235 3.513582 -3.117146 -1.492332 -2.504819
100.000000 -6.613619 11.704693 -5.258300 -3.432196 2.412780 3.076791
100.000000 1.860782 -0.106411 5.495002 -0.321801 -4.586135 -4.113561
100.000000 1.884720 1.326659 3.149810 -5.905744 -1.573835 3.544014
100.000000 -8.397876 0.058920 5.475639 -1.763608 2.859873 -4.813207
100.000000 -3.208497 6.382873 3.534472 1.154991 3.654478 -4.016605
100.000000 0.251867 -1.792800 -5.229136 -2.393467 -0.738202 3.618998
100.000000 -4.270393 3.836236 5.613546 2.397456 10.117047 -3.503581
100.000000 2.234443 -9.787156 0.160226 8.845417 -1.215752 2.531928
100.000000 -6.850465 3.408546 -2.441441 2.118112 5.386237 1.434919
100.000000 -9.452142 1.926545 -0.574862 2.043106 -0.732427 -2.041360
100.000000 -3.087467 6.391775 -3.837365 8.794182 3.499407 1.790451
100.000000 -4.102335 1.802261 -5.547119 -2.916175 0.694598 -2.396462
100.000000 -6.324677 0.489082 4.726573 2.156830 -7.108127 4.053077
100.000000 -1.828270 -1.687897 -1.294351 1.320827 -0.931707 -2.172620
100.000000 1.899697 -3.941692 4.506106 0.855744 -0.470007 2.266885
100.000000 -3.699752 3.927333 7.336691 0.064761 -1.572371 2.341201
100.000000 0.495740 -0.811915 4.872742 4.381645 0.456197 -6.104876
100.000000 -8.679992 2.312229 -6.782271 -0.186221 0.265739 3.061491
100.000000 0.752410 0.508475 0.715092 6.452693 -0.458113 -3.481050
100.000000 -8.084444 11.221602 3.063189 7.618248 -3.871846 5.598550
100.000000 5.532616 -2.350683 -4.848437 7.085037 -6.362578 -11.570811
100.000000 9.390961 0.562011 -3.003278 -3.642609 1.672431 -5.583072
100.000000 -2.689470 2.964723 -2.168325 1.713601 -3.408409 -2.192539
100.000000 -10.157097 -0.029665 -3.420727 -5.732276 7.336121 -3.261868
100.000000 -0.030706 1.565961 -0.123432 -2.190386 1.739857 0.706395
100.000000 -2.822752 1.419003 5.110292 -2.319659 -0.160190 7.407017
100.000000 -2.560144 -1.352864 4.298182 7.902906 -2.236457 -0.876117
100.000000 4.315472 3.210134 2.809298 3.499087 -5.541102 -3.113223
100.000000 -2.650358 1.200127 -14.221907 2.537897 -3.555701 -0.815194
100.000000 15.937057 -4.957993 2.836463 -0.157618 4.984791 4.646286
100.000000 -4.074526 -1.327960 0.692236 0.013381 -7.782356 0.244406
100.000000 -5.787077 3.343939 -2.630750 11.471763 -0.172724 2.923394
100.000000 -7.282747 5.495657 -0.620127 -9.759631 4.805604 5.149552
100.000000 -10.176566 -7.390287 2.268790 10.257667 -2.416365 -1.894524
100.000000 -8.028569 -3.505929 0.211791 -2.605995 -3.406632 -7.645495
100.000000 -0.915282 -5.447520 0.029102 -1.340677 3.181764 -2.647165
100.000000 -2.539530 1.168084 -1.746425 0.664206 -0.273516 0.253813
100.000000 1.094619 1.100913 0.774986 -5.614952 -1.073942 7.327877
100.000000 0.839151 0.835693 4.005143 2.228209 -0.306332 2.959262
100.000000 2.830441 -7.730373 9.797401 1.597437 -1.344238 -2.392278
100.000000 1.133031 5.880757 -5.531891 2.872976 -0.189295 -3.226902
100.000000 2.919452 -7.255572 -1.028441 -2.269828 -1.031025 -2.265636
100.000000 1.770132 -0.561738 -1.151611 1.189346 0.723946 -5.230278
100.000000 -1.130925 -3.616985 3.584540 4.072971 -8.041702 -4.024812
100.000000 5.221594 3.521445 8.026823 -8.349755 0.003284 -6.038241
100.000000 3.370192 -2.390247 3.154847 -2.452361 4.667739 3.678818
100.000000 -5.085804 0.122060 3.223925 -3.453211 7.136748 0.779701
100.000000 11.724215 -2.806040 6.169234 -6.457550 -1.755294 -0.177670
100.000000 -2.346706 -3.758662 -4.080984 -4.924850 -0.184624 2.990062
100.000000 -3.975188 -4.042483 3.196663 0.644132 1.065197 -3.532888
100.000000 0.509547 -1.339520 -4.664745 6.046091 3.040137 7.284086
100.000000 5.869155 3.960867 -2.266147 -3.169563 4.236641 4.418529
100.000000 -2.817056 0.583347 -1.293462 -4.734695 2.505923 5.047204
100.000000 -10.937259 0.260716 4.367302 0.336669 -3.440340 -5.452106
100.000000 -0.360006 10.372852 -7.718896 -3.828620 -1.081969 -6.667540
100.000000 -6.058246 1.566112 -6.281466 2.301639 -9.089502 6.032942
100.000000 -2.700409 -8.169455 2.889915 4.160400 -4.730498 -0.604639
100.000000 3.137691 -0.642683 1.358295 6.433894 -1.590072 -2.428056
100.000000 -5.927444 -1.008654 3.374563 2.061579 -1.259230 4.540601
100.000000 5.402489 8.126010 -0.646677 -3.399151 -1.946800 -1.709186
100.000000 -3.556929 0.234409 1.519353 -1.856164 5.002671 2.749907
100.000000 0.665453 -6.435488 -3.166226 -1.953701 4.360123 -1.717808
100.000000 4.523654 -0.437100 8.224739 0.509485 -0.366940 2.291177
100.000000 3.966358 13.390197 2.633018 -5.255855 1.709336 -5.321249
100.000000 1.128295 -2.185405 -5.326132 3.065764 0.079255 0.195251
100.000000 -0.660444 2.410679 0.038957 -0.927106 1.522303 -7.910047
100.000000 -1.580011 1.475450 -1.314267 4.206948 -5.862995 1.644113
100.000000 -0.423655 4.527626 -8.108302 2.393960 1.573697 3.724770
100.000000 -1.798490 2.185871 2.166909 4.260189 2.076064 -9.535388
100.000000 2.372750 -2.546895 -0.307901 -7.859371 3.886118 3.407228
100.000000 -4.289256 -6.386045 0.387915 3.631767 0.485871 -4.953763
100.000000 0.876340 -2.954406 1.532384 2.766444 1.288677 -1.476691
100.000000 -1.773455 -2.563131 -5.193030 7.381852 10.270562 5.253788
100.000000 -10.737953 -1.807450 -6.741713 -0.077100 0.458973 -8.234900
100.000000 -4.110396 0.905192 -8.555407 0.458357 4.227015 -4.080102
100.000000 -0.405323 7.414964 0.693566 0.712614 7.202321 2.536110
100.000000 6.666164 -0.925646 -4.012544 -5.511549 1.431800 2.672436
100.000000 0.261718 -4.184255 1.748400 -0.848025 -4.562075 -5.310719
100.000000 7.129768 -2.871664 2.984797 -5.392116 2.212425 2.344154
100.000000 -2.894992 -3.709883 -4.962584 5.485298 -2.044966 2.543011
100.000000 -0.382805 -2.210442 5.985729 3.344049 1.132965 -0.232077
100.000000 -0.397453 -1.399270 -4.378821 -3.437907 -3.477343 -0.722044
100.000000 8.493244 0.848544 1.765867 3.364757 -3.398235 -1.593739
100.000000 -0.032236 1.320311 3.001729 -0.264887 -4.282977 -5.835455
100.000000 0.757343 -2.124213 5.452831 -2.971579 -1.992456 -8.777400
100.000000 4.813950 0.332034 -7.119670 5.736132 2.646618 5.957841
100.000000 -11.684514 -0.229885 -4.183987 3.479197 7.446998 1.724661
100.000000 4.539353 -5.203804 4.910257 3.173205 4.320008 5.458505
100.000000 5.291062 -1.121380 0.576824 6.233392 1.191800 2.717472
100.000000 0.793623 7.870937 -2.561686 -1.463071 3.386940 9.216043
100.000000 -1.726843 0.420937 -4.101707 9.142795 5.290311 1.694015
100.000000 3.828951 -2.352315 0.743425 -1.628565 -2.319738 -2.284240
100.000000 -8.463846 -4.351855 4.344439 4.610885 3.167319 0.915245
100.000000 -9.601698 5.794533 1.965812 -7.429436 9.047619 0.447658
100.000000 -0.631712 0.615480 4.844056 1.660588 4.144766 1.644910
100.000000 5.698215 15.418648 -2.694332 0.397654 -0.944263 3.754422
100.000000 -9.622538 4.092527 1.801994 -7.456235 -3.209388 3.940780
100.000000 -5.255583 1.078293 -8.378953 8.061988 7.168954 -5.195745
100.000000 -1.342143 -1.388203 -1.790863 0.817050 9.302175 9.321223
100.000000 -9.857842 -7.306385 2.006282 -1.184705 -1.586838 3.570906
100.000000 3.869606 -0.065132 4.838725 -3.954686 -8.905356 1.473942
100.000000 6.068153 -0.938987 -6.268632 1.269384 1.259332 -5.544252
100.000000 2.044014 -0.212046 2.665702 -1.050623 5.683334 -5.329957
100.000000 8.948291 -2.987833 10.345043 -0.209479 1.860088 -5.489132
100.000000 3.646962 0.600968 -5.597391 2.296668 1.184068 1.614066
100.000000 -1.294322 0.771704 -2.364248 3.167495 -8.212280 6.841602
100.000000 -1.097759 0.262647 -1.349028 5.532085 1.950063 -3.961422
100.000000 -5.028660 -4.934850 1.194014 -4.019477 -1.934848 -0.733971
100.000000 -4.578356 1.881255 -6.692111 -8.054758 -0.977123 6.189870
100.000000 1.497720 -3.110851 8.942737 -8.140671 -0.316452 4.778069
100.000000 2.449686 -8.222961 -0.362773 -0.968165 -1.694362 -0.764931
100.000000 1.992651 2.973528 -5.227532 -5.512926 -2.363452 -3.355951
100.000000 0.386437 9.627437 -1.312152 -0.003864 0.923220 -6.175668
100.000000 -3.639527 -5.381650 4.288295 -7.727509 3.710684 2.480414
100.000000 -3.658469 -6.298085 2.326229 -6.175546 2.274816 -6.730438
100.000000 1.861686 -2.375928 -1.594824 -3.669809 -1.661509 1.323665
100.000000 -1.529553 6.157232 0.689842 -4.189106 4.231912 4.843405
100.000000 5.563918 -0.529720 3.486177 4.013734 3.268014 -0.299588
100.000000 -1.714576 -1.080667 5.867070 -0.411481 -2.036119 -6.896109
100.000000 2.605894 4.543456 -5.640547 6.316435 1.240151 -3.521723
100.000000 6.345201 6.373958 0.415256 -3.090701 -1.168623 -3.510260
100.000000 -6.037826 -4.658727 1.341632 -1.845804 4.934822 1.197636
100.000000 1.157367 6.394116 6.781975 -0.649740 -1.894104 0.800919
100.000000 -3.557818 -0.585131 3.165865 -4.326391 -2.378881 2.153407
100.000000 1.268236 -0.177605 8.592685 0.314978 -0.329363 -3.055034
100.000000 -4.062566 0.548762 0.374052 -2.052495 0.893916 0.713443
100.000000 -1.364042 2.623697 6.606103 -3.739630 -8.316090 3.648308
100.000000 -0.000295 -5.378540 2.510669 3.615297 -1.583592 4.134382
100.000000 2.808080 1.366648 1.561696 7.003620 2.896357 2.565604
100.000000 -2.242239 5.887498 4.065812 -2.467284 1.120521 0.980128
100.000000 -5.046307 -2.883664 -2.890070 5.399757 -8.864429 -4.854567
100.000000 1.531523 -1.368851 0.320059 -0.437145 -0.551203 -4.812232
100.000000 4.119942 3.785075 4.602334 8.272796 0.925960 0.407862
100.000000 7.728725 -4.422730 -3.067013 0.615082 1.610148 -3.019737
100.000000 -7.028312 0.106668 -7.886764 -5.705390 8.417705 0.562783
100.000000 -8.951213 -2.917330 2.996429 -0.657941 1.527377 3.354912
100.000000 -0.102848 -0.793814 9.347243 -4.787718 2.888170 3.168424
100.000000 -7.506905 6.757158 -4.567742 7.321557 -3.544609 -6.082168
100.000000 0.026339 4.721155 1.969301 -3.050892 3.427016 -0.415828
100.000000 2.821859 -3.518705 5.620716 -2.621337 0.497017 3.379731
100.000000 4.924205 -0.414941 0.593802 -2.171833 -0.097490 -2.445489
100.000000 6.114261 -3.339347 -2.212591 0.040027 -3.238143 3.145703
100.000000 3.141074 -1.001642 -1.083042 -2.983502 4.971698 -1.793797
100.000000 -4.420560 1.614454 2.680919 5.993840 0.317279 7.477424
100.000000 3.433075 -2.379372 2.983567 8.920932 10.205387 -0.802935
100.000000 -4.413541 0.349800 0.952691 0.300293 -6.463476 -1.094452
100.000000 -2.164670 4.846935 1.208685 5.628842 1.854733 -0.895918
100.000000 3.859945 -9.685664 5.085664 0.054334 1.355014 -2.417203
100.000000 7.172835 0.485794 -2.858262 -2.444390 1.104080 -5.549119
100.000000 -2.430045 -5.517488 -6.390050 -1.653898 3.341176 -2.796432
100.000000 2.179269 -2.708028 -9.501564 -2.214569 -1.597296 1.887157
100.000000 -11.811117 4.967937 1.064262 8.384270 -0.138937 -5.581388
100.000000 -3.037573 -3.494127 2.233574 1.326082 -0.918102 -1.757621
100.000000 0.467599 2.955495 -6.454633 3.063177 -4.007949 7.050383
100.000000 7.187128 -2.567287 2.618175 -1.922161 -1.020776 -2.927646
100.000000 -0.149871 -2.389144 -3.753136 -4.746913 -2.532030 1.387267
100.000000 2.677371 -7.997800 4.328699 -5.098690 -4.998248 2.720726
100.000000 2.852598 -2.355881 -4.012963 -4.653069 1.665737 3.076780
100.000000 -3.811141 6.210227 4.678340 -1.022750 -5.228368 3.395253
100.000000 6.263839 10.407784 1.549334 -4.214938 -4.380184 4.051259
100.000000 0.098720 3.241761 2.286858 11.434016 -1.240900 -1.224266
100.000000 -6.428844 -1.935056 -6.653427 -5.324031 4.409319 6.860310
100.000000 -0.290008 6.791019 2.341295 0.172089 1.471920 -3.744040
100.000000 -3.947891 -8.076168 -3.110055 -6.589761 -5.234754 -5.851833
100.000000 5.971781 3.714584 3.823001 2.980154 2.243386 0.984396
100.000000 -3.199166 1.731077 4.386086 -4.410801 3.278154 -2.692148
100.000000 1.611666 0.820680 -5.926040 1.879321 -4.780695 -1.266372
100.000000 -5.251876 3.456364 5.638443 -5.141864 1.370407 0.301908
100.000000 1.971002 2.502697 -0.322494 1.224324 -3.360028 -1.758282
100.000000 1.380164 2.468898 -0.588838 2.376076 -1.767239 -2.854413
100.000000 1.970328 0.246518 1.393728 2.770770 -4.598387 -0.818202
100.000000 -2.842950 4.079506 7.318311 0.863749 2.667257 0.455506
100.000000 -4.633891 2.631693 -0.184832 7.803454 -7.290173 5.153887
100.000000 2.225786 -0.153449 0.450328 0.078988 3.933974 1.839468
100.000000 3.146080 3.051775 6.993567 0.908224 -4.273322 -4.898015
100.000000 -4.131389 -2.818352 2.375786 -4.332840 10.279563 1.111662
100.000000 5.451684 4.851092 0.975234 1.151872 -3.158741 1.058349
100.000000 0.937084 4.622641 -3.515346 -4.122996 0.187970 -0.902259
100.000000 -7.946823 8.511748 2.589192 1.417006 -1.175432 -7.662894
100.000000 4.496708 0.124370 -1.355842 -2.476482 -0.047863 2.063360
100.000000 -4.956994 2.646467 -4.337999 -8.837569 0.987294 -4.920160
100.000000 -4.777662 7.301525 -6.589097 1.706268 0.290142 -7.342897
100.000000 5.406376 3.369580 3.490084 6.681045 -4.073150 8.803589
100.000000 -4.061691 -5.663270 -1.163508 -1.824035 -1.227464 -0.133377
100.000000 -3.752244 -3.283997 -1.155260 1.938278 3.576027 -5.666011
100.000000 3.300524 0.079409 -4.287751 1.847706 -3.169532 -2.016236
100.000000 -2.471228 2.973339 -3.220248 -0.525387 9.724323 -3.733239
100.000000 -2.723421 5.118598 3.146275 2.152272 5.606821 0.123795
100.000000 -2.151966 -1.756602 -1.895355 -4.073048 2.093282 -0.999886
100.000000 2.240095 0.647312 -2.058374 -0.619703 -5.927831 4.638754
100.000000 7.357341 -8.357387 4.308168 -2.702921 6.097690 -1.844895
100.000000 -3.292759 -4.494756 -3.049708 0.851362 1.857105 3.241327
100.000000 -0.926471 -0.946072 -11.818432 10.150393 6.621283 0.157660
100.000000 -2.865499 1.849053 -7.211253 2.354744 -2.255604 3.877968
100.000000 0.374514 -0.411717 -1.538308 -1.472893 -3.699746 0.400568
100.000000 -6.164218 -0.254748 -0.245813 2.092062 1.359255 -2.709904
100.000000 1.975890 4.599655 3.812484 -6.824968 -9.907116 -3.562191
100.000000 0.812458 1.209776 -0.818850 8.108286 -2.969072 6.441407
100.000000 -5.832274 -9.299298 -1.356133 0.767870 1.761274 -6.565768
100.000000 -0.445336 -7.428838 -2.246879 -3.015736 -5.165003 -3.221527
100.000000 -1.002333 1.606321 -6.360523 -0.492382 -1.616238 -3.622565
100.000000 4.641226 -2.333773 4.392842 -1.720481 -5.415010 -2.137485
100.000000 5.673088 -0.033858 3.036805 0.526057 -4.673814 0.287229
100.000000 2.356366 1.802917 -1.846983 7.410614 -0.403693 2.948812
100.000000 4.106820 -9.680102 9.011127 0.227017 -0.364016 -6.516069
100.000000 0.030294 0.472747 -2.790367 1.770285 -7.735641 -0.171802
100.000000 0.896590 7.901739 -4.998271 -2.279732 -2.021486 -3.103408
100.000000 5.392370 2.721247 -2.036887 1.464935 -2.368749 7.149691
100.000000 8.790322 4.726911 4.962358 5.627470 -3.890474 -3.142201
100.000000 5.026311 -3.048575 0.233075 -1.678992 4.413084 1.065917
100.000000 -2.697166 5.091599 5.032714 -5.968327 1.533345 2.783477
100.000000 -7.743413 -6.386999 7.371850 4.614766 3.864534 -4.380081
100.000000 1.812538 -4.768310 2.219135 -3.625172 -1.068350 -1.859647
100.000000 -4.189393 -4.647188 -2.352245 1.146798 -5.420086 0.231021
100.000000 -1.247642 5.464245 2.178201 3.641347 -8.173038 2.399283
100.000000 13.680798 0.598895 0.460829 0.443011 -4.921271 2.666014
100.000000 -3.785294 -1.137762 -0.989651 1.687349 -0.657390 -5.225984
100.000000 -5.137205 3.051719 -2.905831 4.658793 -6.296965 -0.991806
100.000000 2.238986 1.227133 2.859648 5.108102 2.645286 7.978581
100.000000 1.213942 2.184803 -8.721616 4.531778 -8.196918 -0.183031
100.000000 0.764512 -0.134154 -4.036119 -5.294578 2.486333 4.336219
100.000000 3.791962 -3.232100 2.029263 4.877449 -5.587680 -4.174159
100.000000 -4.632264 -4.343085 -0.539832 -0.065572 4.843101 9.003481
100.000000 -6.558131 0.160853 3.855024 9.557621 -2.032076 3.305451
100.000000 6.004157 -1.620548 -7.922201 -3.848686 -1.485013 4.824655
100.000000 5.183069 -1.501416 7.654547 -6.847359 5.416348 -5.776346
100.000000 7.979718 -1.449885 -5.569235 0.823027 -2.875110 3.979249
100.000000 0.640529 3.969848 0.686447 1.054134 5.480153 -1.899965
100.000000 -7.588081 6.693334 3.208941 0.223922 2.116017 3.112999
100.000000 6.618301 -4.525854 -4.742809 7.986273 -1.923102 2.471657
100.000000 0.255960 1.159652 -9.466474 -7.083446 -10.595690 1.067389
100.000000 -9.119664 2.357817 3.325506 -3.588842 3.964417 -2.444319
100.000000 1.958258 -0.889352 4.667163 -1.867525 3.981843 1.135530
100.000000 1.109149 -2.930879 -4.429005 5.102556 -5.177871 -5.032608
100.000000 0.975877 1.138550 5.937069 -6.701801 0.897283 3.695750
100.000000 -6.917186 4.115185 -3.891269 -1.746203 -2.000084 3.920734
100.000000 6.050545 -2.319611 -3.736382 -9.461200 -1.752771 8.851702
100.000000 -6.448218 3.772894 0.839592 1.707304 1.300664 4.084974
100.000000 -4.043207 -2.185709 1.451917 1.288473 -1.084340 -2.220861
100.000000 6.954472 2.083605 -2.880778 4.597329 0.311104 -0.208320
100.000000 4.216999 -1.439122 0.760623 4.095719 -0.831067 -0.114564
100.000000 -2.019222 -1.699219 -7.662116 -4.845492 -4.899889 9.431802
100.000000 1.654093 9.483890 -2.099399 1.349806 0.097298 -5.480033
100.000000 3.857376 -0.705611 8.088467 -5.423630 -8.060434 0.401014
100.000000 6.314054 3.307114 0.657838 -4.315851 -1.182652 -4.903763
100.000000 -3.593770 1.104635 -0.963581 -2.832057 4.702477 0.372978
100.000000 -1.677465 4.090026 1.085682 -1.851635 8.748439 3.125258
100.000000 5.719018 -1.325799 9.745689 -5.901089 0.039041 0.116135
100.000000 -3.412903 3.874318 -6.493217 5.399768 0.532475 -5.320652
100.000000 -1.921509 3.409026 -4.710724 3.831234 -2.122501 1.068393
100.000000 8.848557 -3.118561 9.716552 -7.144944 -0.587522 -1.941855
100.000000 -2.086261 -1.580156 3.967496 7.167783 15.900986 -12.293912
100.000000 0.471455 4.065007 -0.807896 -5.025611 -0.865855 -0.138719
100.000000 0.934408 1.178573 -0.112428 6.864293 -5.609880 3.495509
100.000000 0.659437 1.971290 -0.047377 1.910117 6.618769 -1.469254
100.000000 -10.071392 5.399054 -1.659112 1.190035 9.022455 -3.769132
100.000000 6.907141 2.270852 2.662112 -2.284315 -0.614525 -3.312587
100.000000 -0.143531 -2.607665 9.214125 -2.741350 -0.570651 -4.911803
100.000000 2.311152 -0.863945 1.569755 3.608481 -0.952023 -6.108501
100.000000 -1.950835 -1.234628 1.101253 5.453305 -0.768811 -7.697538
100.000000 2.057627 7.057138 0.556333 3.195325 1.214936 -1.387739
100.000000 10.299793 -8.034850 -0.278060 -5.811586 2.455698 2.719080
100.000000 -3.124008 1.391930 -1.186572 8.872058 0.426562 1.191867
100.000000 2.626911 0.767247 -2.024109 -8.561246 -0.420849 -0.967157
100.000000 -1.364224 5.191108 0.527206 3.576973 4.698795 2.497628
100.000000 -4.543737 1.870369 -13.390835 -1.999566 -2.287514 -9.809036
100.000000 3.621053 1.862321 -11.629137 -1.923641 1.668213 3.325042
100.000000 4.372945 3.800168 5.534149 3.546113 -6.697204 6.882244
100.000000 -2.401856 0.726892 10.598135 -0.907794 0.558657 0.927017
100.000000 2.838706 1.170049 6.996403 -0.774721 -3.325381 8.492123
100.000000 5.949479 -5.006025 -0.012691 -2.282504 -7.373930 0.538302
100.000000 -6.102641 -2.044821 -1.270555 -4.723761 7.017960 -2.371189
100.000000 6.066831 -0.968945 4.150264 1.123475 0.901970 -1.606376
100.000000 0.440544 5.284614 -0.956851 0.566453 -4.009746 -0.903898
100.000000 -8.517318 3.558827 -0.126381 6.860521 4.771193 0.932819
100.000000 -3.467041 -4.096667 -0.788547 5.625419 -8.937275 -0.033141
100.000000 -5.722284 -3.084269 -4.699999 -1.781326 -2.820500 3.132671
100.000000 5.265819 0.409248 3.184025 -5.548842 -3.091448 -0.783869
100.000000 -4.485666 1.605944 -0.314732 -1.120843 2.650090 4.323434
100.000000 -1.453747 -3.489546 1.145574 3.711904 -1.588637 -0.648355
100.000000 6.269525 -4.638913 -4.091292 4.868923 1.567315 6.957353
100.000000 -5.067038 -4.700696 3.405177 5.726586 3.179160 -6.523376
100.000000 -1.326086 0.523791 -3.317293 -1.292006 -1.152151 -1.539893
100.000000 10.211845 6.685704 -4.458112 -0.099082 -8.684022 5.945085
100.000000 1.521901 -3.344345 -7.933227 3.221872 0.201303 1.813598
100.000000 -3.029129 -0.205971 -0.348488 -1.018731 2.374850 -1.374038
100.000000 1.348525 7.081010 -1.304473 2.234708 1.324651 2.960387
100.000000 -1.863065 4.282640 -1.332810 4.168851 -4.083126 -5.351262
100.000000 2.029764 -3.030099 2.012121 -4.386878 2.237249 -6.733469
100.000000 0.388039 -0.782879 8.576913 0.138175 5.004512 -2.899837
100.000000 -0.873184 -2.025113 4.060596 6.299189 -2.719539 -4.001497
100.000000 -6.818052 -1.509783 -6.121420 5.306766 -0.752364 -2.014609
100.000000 -0.393808 -3.115517 0.374079 6.187689 -5.798675 1.736017
100.000000 -7.827716 -4.381687 3.667068 2.486268 4.472034 4.287427
100.000000 -2.573073 -2.410274 -3.260190 5.954163 -10.867834 0.625603
100.000000 5.918628 -0.100230 0.733043 -3.706481 0.524388 -1.057135
100.000000 -1.164678 3.285973 6.908799 -1.484131 -3.992393 3.748201
100.000000 4.405603 8.758846 0.199705 -1.420509 -3.148525 2.299113
100.000000 2.819117 2.850936 0.046244 3.473888 0.329452 -3.329955
100.000000 0.826930 -3.548151 -2.983003 -11.689612 4.752676 -0.033912
100.000000 6.420686 -3.189596 -2.443185 -2.396707 5.860386 -5.881200
100.000000 0.243969 1.338147 0.178463 0.989854 1.191752 1.416099
100.000000 -5.356325 6.327854 3.825238 11.141250 -0.702432 5.460309
100.000000 -2.250273 -1.529010 -4.314594 3.997849 0.142567 8.603960
100.000000 3.054633 -2.639143 -7.025044 -1.682082 -1.638698 3.616180
100.000000 3.508603 -0.127368 -7.544425 -0.670373 -5.438962 -2.666157
100.000000 -2.875226 -2.647154 2.353976 1.182153 -0.069410 -4.426040
100.000000 -2.697706 6.188509 6.811048 -7.026203 0.619424 1.275049
100.000000 -3.582048 -4.548616 -3.479020 0.726684 5.320472 3.467579
100.000000 6.044252 -0.645661 2.450739 -4.625551 2.891637 7.490109
100.000000 0.634761 -2.538773 6.494943 -0.281878 -0.008157 2.943564
100.000000 1.308301 -2.276339 0.075643 -2.937526 6.559478 -1.210385
100.000000 5.211635 -2.508402 2.978870 1.489367 1.532149 -2.449362
100.000000 -1.585045 -5.463032 -2.896110 3.243173 -3.152897 5.155242
100.000000 0.443538 7.927539 -8.757911 2.548856 4.184293 -3.289291
100.000000 6.567758 8.686906 1.337383 3.888711 2.476327 1.106704
100.000000 3.666708 -6.314202 -0.246398 -3.056498 -0.679780 5.279713
100.000000 -6.502242 -0.376966 -5.223325 3.176912 2.390841 -5.462790
100.000000 -0.857085 1.678159 2.220847 4.204785 -1.726583 4.994164
100.000000 1.115369 -0.661310 -8.765938 -0.848622 0.044479 0.243495
100.000000 -5.403783 1.371180 -5.959182 1.715140 -9.216588 -0.548755
100.000000 -5.627741 -5.726554 -5.291269 2.826862 0.464478 -1.843868
100.000000 8.948943 -3.651726 -8.232011 -5.317389 2.052470 -1.247023
100.000000 -1.346657 -0.093979 -0.291151 -3.202033 -4.544982 -12.125126
100.000000 -5.884572 1.150924 4.678804 -2.907492 -5.870752 0.315114
100.000000 6.388768 2.838270 6.626084 0.517708 -5.719208 3.173503
100.000000 -6.301049 -1.968454 7.899240 5.876986 3.501872 -3.719570
100.000000 -1.142352 -0.376080 -0.473324 -0.018943 3.277229 2.839417
100.000000 0.127401 -3.465859 2.163553 -4.189613 -10.950631 -0.044075
100.000000 2.755556 0.091641 -1.014143 -2.784267 2.337207 4.933401
100.000000 -6.311642 -3.415827 -0.705032 -2.669626 -1.501968 4.940678
100.000000 6.069730 -3.217951 1.830627 -5.143223 0.015178 0.171043
100.000000 -7.200417 1.208844 5.464077 3.240791 4.404037 5.019240
100.000000 -5.067032 3.201298 1.285987 -0.967795 2.403105 5.019630
100.000000 -1.112455 4.618519 -0.353189 -0.430504 3.213056 -3.160304
100.000000 3.375917 2.314940 0.037303 3.022601 1.416826 -3.575516
100.000000 1.570714 1.097218 4.267562 -1.790887 -3.169530 4.037499
100.000000 1.058257 -7.027236 1.703446 -1.096392 1.361377 -7.918786
100.000000 3.046777 0.112875 0.129576 1.405908 2.676667 -3.605654
100.000000 2.790137 -7.143726 7.147900 1.241379 5.244464 0.585296
100.000000 4.018747 2.474410 3.952009 0.365406 -5.645276 5.464296
100.000000 -3.619677 3.077343 -1.990596 0.543790 1.383128 -8.217333
100.000000 -7.934973 -0.216751 2.343301 -1.277307 -1.572530 2.642358
100.000000 5.466562 -1.260175 -2.469828 -3.618374 -7.122658 6.657931
100.000000 2.662434 0.834294 1.429209 -3.416250 7.828037 -4.773883
100.000000 -5.103953 -7.725157 4.273355 -14.019381 -7.120787 3.691526
100.000000 -0.558883 3.683667 -0.472188 2.259430 0.773696 -2.494938
100.000000 -7.689224 2.947143 2.110847 -2.394030 -2.438877 -1.840633
100.000000 -2.265301 2.201539 -3.762631 -1.130134 3.130369 -6.243450
100.000000 -6.688505 -1.305803 -3.947358 1.701350 -2.209606 0.630914
100.000000 -1.883837 -1.119333 -0.363850 -0.511321 3.023619 5.458430
100.000000 2.807265 11.664532 6.869642 -1.192768 6.718613 -1.290858
100.000000 4.525150 -7.166116 3.399603 -0.956072 -0.854701 -4.641776
100.000000 2.239578 2.623987 1.801208 0.349763 -4.120542 -3.825320
100.000000 2.159217 0.638727 -4.377484 4.246292 -8.248868 -0.430389
100.000000 5.054625 2.763438 1.635546 3.485008 9.165331 -1.441873
100.000000 -1.995083 0.464408 -8.913683 -0.078539 -5.191074 1.561090
100.000000 -2.602919 0.626315 -5.924039 7.050886 2.487169 -9.533498
100.000000 -3.699467 -4.170671 0.621393 -1.764862 -7.512857 3.531001
100.000000 2.160995 1.428257 -0.360438 -10.002513 -8.090827 0.105790
100.000000 -8.319254 4.750467 -1.581400 -8.639503 0.750825 -0.798838
100.000000 0.449366 -5.680341 -3.647637 -8.481861 5.341877 13.766852
100.000000 -1.580376 -1.971727 2.705417 -5.580629 5.240378 2.708030
100.000000 -12.007489 -0.998365 1.394605 -0.267536 3.497173 -10.037841
100.000000 -6.074855 -0.680246 0.221657 1.736348 4.772321 0.735245
100.000000 0.750390 0.482612 -7.366927 -0.090690 3.739508 -0.743210
100.000000 0.713709 3.110541 3.996199 -6.834530 6.272616 1.561288
100.000000 2.149348 1.906231 -1.399052 6.450147 8.831021 -6.338695
100.000000 -4.010108 -0.511564 4.220705 4.305028 -8.236409 3.609973
100.000000 -3.316278 1.112045 -3.406785 2.696647 -4.884432 -3.369710
100.000000 1.935253 7.612822 -8.935000 1.037332 4.727836 -0.000136
100.000000 2.870342 6.426320 0.220165 8.692449 2.781511 4.192861
100.000000 7.095810 -2.904094 7.420373 4.140627 3.756846 0.293553
100.000000 -1.764536 -0.392678 -1.982610 3.516544 3.660588 2.244156
100.000000 -3.679459 5.210872 -3.095814 2.704175 1.477511 -4.914981
100.000000 -2.117613 -0.527478 2.357262 0.013155 -2.524236 -3.131390
100.000000 4.870979 -2.375882 -1.495243 -0.052252 4.244051 4.746565
100.000000 0.136579 6.082347 -4.667592 -0.514808 -2.072719 1.714136
100.000000 6.577748 -2.815533 -2.574366 -0.623804 -0.503735 -1.799739
100.000000 1.580820 3.081294 -2.107923 -1.989415 3.932955 -1.022923
100.000000 5.008728 -3.087253 -7.804033 0.451107 -5.512643 -3.264189
100.000000 -1.814488 -0.536569 -1.409937 2.558344 4.588821 -2.278216
100.000000 -2.690875 5.740139 -4.865755 3.034281 1.562563 1.852901
100.000000 -9.692786 -1.219336 5.443532 -2.457114 -10.361200 -1.599629
100.000000 -0.248098 -3.167931 -7.202520 5.431217 1.155956 8.957267
100.000000 -4.944892 -12.286758 2.465374 4.194539 -0.472929 1.981011
100.000000 1.587115 -6.881801 1.159258 -4.278823 0.380769 -5.711731
100.000000 7.211695 1.336564 1.463465 3.106491 6.479118 0.547307
100.000000 1.475148 1.977550 2.080470 0.202106 -1.121208 4.990702
100.000000 1.277387 5.185438 -1.817267 -2.554064 6.638710 -4.704051
100.000000 1.237300 -1.134118 -0.319672 3.081410 -1.082705 -1.542466
100.000000 2.352200 -2.133906 -0.244459 1.874887 -6.908847 -5.319799
100.000000 -0.436177 0.037387 -0.073415 -3.016435 -1.833452 -2.733450
100.000000 2.119220 0.823491 -6.241929 0.067570 6.623719 1.579939
100.000000 8.850688 -4.668714 5.202086 -0.195719 -4.691839 1.880336
100.000000 -0.868933 3.344677 0.880413 -2.295619 -5.547708 -1.722734
100.000000 -2.300136 -4.934445 1.380008 1.610156 -3.926322 5.792385
100.000000 2.688014 3.550364 -3.945258 1.576640 1.879767 0.207578
100.000000 -1.314995 -4.727004 -0.905607 -7.933974 -0.112237 -1.122485
100.000000 0.588156 2.154018 2.335568 -1.129096 5.607326 5.253596
100.000000 -7.972763 -1.677467 6.119729 -7.509061 -5.531289 1.920489
100.000000 0.749682 7.007799 -1.689503 6.493019 3.012241 -5.185744
100.000000 -2.255338 -0.865357 -0.152583 2.671066 7.595161 1.315836
100.000000 -0.316117 2.316346 -0.605104 5.998493 -3.967138 -1.500231
100.000000 4.281294 -0.152779 -1.319969 -5.929542 1.130375 -6.938863
100.000000 1.352819 0.736681 -3.650624 -3.816584 0.333880 2.837180
100.000000 -6.439121 -0.298293 -9.460576 -1.945593 -2.995981 -5.600690
100.000000 0.777765 1.753908 -6.810470 -3.292324 1.244799 0.083411
100.000000 3.323686 -0.463590 -2.131748 4.908767 4.025374 1.480306
100.000000 -6.957830 4.103176 3.782303 1.427608 2.369540 2.590277
100.000000 1.449406 0.901074 -5.119693 5.828721 4.060592 -4.751236
100.000000 -1.567242 5.211683 1.936621 7.148441 10.500629 -2.867276
100.000000 1.499654 -7.955762 2.576713 3.639117 -2.487928 -2.877082
100.000000 5.082431 -1.410904 1.491753 0.060619 2.399073 -2.811614
100.000000 -0.082912 4.655319 4.037925 3.819817 -5.485951 -0.009615
100.000000 -4.325746 3.839568 7.299479 -0.647734 6.041224 0.295390
100.000000 4.633522 0.526465 -3.685796 2.926040 4.751701 5.133749
100.000000 2.740996 1.986160 2.929572 2.664529 1.368551 2.245141
100.000000 3.923797 2.200285 2.624511 0.886492 -1.961717 0.755287
100.000000 6.209866 4.197576 3.293132 2.102431 -4.873438 4.017332
100.000000 7.574396 -0.512046 -0.852789 -4.630732 -1.761767 -2.834794
100.000000 0.797393 5.469102 0.690697 -0.258119 -6.571054 0.264085
100.000000 0.213164 -2.054953 -2.105130 1.557852 -3.837721 -4.019826
100.000000 1.597215 3.106807 2.564125 -1.679380 -8.239880 0.381087
100.000000 3.429731 -4.100347 0.096759 5.875451 -1.301745 -2.746349
100.000000 0.363828 1.140578 10.102233 -4.507381 -7.146091 -4.326844
100.000000 -4.996734 -2.513199 -1.755506 -7.664686 -1.319705 -1.389943
100.000000 -3.226876 6.645319 -3.223896 -4.386494 -4.110152 -1.159578
100.000000 2.059536 1.872966 -6.147720 -4.252660 -1.667288 2.568496
100.000000 2.312389 4.636098 -6.367995 -4.680805 3.356209 6.158920
100.000000 -1.098682 2.298440 -1.053601 -1.826029 -2.562116 -7.884201
100.000000 -7.862199 0.589350 1.384012 6.896348 -1.466642 4.458652
100.000000 -7.309019 -1.734122 -2.141164 4.323595 1.202537 -7.033517
100.000000 -7.722484 -1.915818 -0.512098 1.194188 -4.014722 8.939290
100.000000 -1.416367 3.796941 -3.619282 -4.261097 -5.105686 0.236516
100.000000 0.752594 7.534351 1.524048 4.967000 -6.485083 -1.418446
100.000000 2.559602 4.545499 -5.937397 -4.885915 0.437091 -6.590393
100.000000 0.191642 0.141900 -3.532927 -4.947497 -0.355280 5.692275
100.000000 4.583417 -2.523141 -0.762391 -0.458458 0.642423 6.509225
100.000000 2.209547 6.973839 -4.970113 2.260067 6.745164 2.128391
100.000000 -0.539046 1.188447 -3.733639 -1.535786 1.102181 7.800643
100.000000 -0.102763 -0.515823 4.218041 -4.124406 2.133899 -0.794619
100.000000 3.474783 -6.547508 -8.997031 -1.710327 8.742900 1.000808
100.000000 -0.245496 1.038175 3.415337 -0.252278 0.339910 -2.145742
100.000000 -2.346533 -2.767456 3.323040 -2.400290 -1.377337 2.696025
100.000000 1.783615 1.271161 0.876473 -0.752468 1.492798 -0.151593
100.000000 3.308886 -4.375104 7.954416 1.055250 -4.507403 -2.903687
100.000000 -11.195161 0.268571 -0.247720 1.916471 -3.746490 5.354429
100.000000 4.325774 4.771245 -0.873605 -2.583214 -0.912749 1.561215
100.000000 1.727843 1.059111 3.853886 2.761527 -3.232394 -1.420438
100.000000 -8.195434 4.532521 3.982921 -0.821711 6.898013 0.568853
100.000000 -7.807066 -3.559074 8.170184 -2.612253 7.431478 0.865056
100.000000 -3.832649 0.325189 -2.380891 -8.410201 -5.301392 -1.037766
100.000000 5.613245 1.095490 4.497602 -5.478746 -1.284343 -9.155820
100.000000 0.257682 -5.193422 1.993913 1.041959 -2.641026 -1.029781
100.000000 -7.180178 5.241450 -7.592389 -0.956661 4.032992 10.772655
100.000000 -3.598799 2.382475 -0.317575 -1.181186 -3.524620 8.471744
100.000000 -4.156108 2.734277 -7.397625 -1.919151 -7.252757 0.435169
100.000000 -5.192136 3.962455 5.440161 3.884755 -2.303708 0.410311
100.000000 5.860332 -3.601549 -5.136549 -2.458771 -0.536270 1.761093
100.000000 5.252772 -7.070232 -0.961688 -1.197627 5.762776 -0.057375
100.000000 3.678782 -4.597605 7.579788 11.825275 0.680796 -6.282409
100.000000 -3.970751 -2.453781 5.577478 3.112546 -1.888900 1.333127
100.000000 -7.196348 4.680654 4.818302 3.529913 0.846364 -4.232591
100.000000 -6.144732 -3.183028 5.677654 -7.089250 2.984508 1.258232
100.000000 2.063721 -0.178494 -1.803081 -0.875496 -0.989263 5.999258
100.000000 -5.925715 7.304999 -0.583154 -6.012658 6.136447 -7.278722
100.000000 -0.432382 12.714274 2.148065 -1.095429 3.469192 1.047376
100.000000 -9.313515 2.531023 -0.125544 -10.194915 -2.752470 -6.777072
100.000000 -3.700477 -1.073143 -0.335350 -3.508793 2.083813 -3.131889
100.000000 -3.150546 -7.544019 -0.360106 1.921569 -5.194565 -2.320976
100.000000 -7.404320 -4.938584 -3.966645 -0.184457 4.991251 1.429521
100.000000 0.504926 -5.298179 3.459389 2.379229 5.151159 5.839025
100.000000 -0.974294 -10.179625 -1.366833 -1.506707 9.094946 3.298348
100.000000 6.050151 5.700889 4.008472 2.183242 -8.257309 4.500852
100.000000 2.807294 5.930791 -1.597209 3.546797 -2.028275 1.352722
100.000000 0.983559 -4.201353 4.271274 -6.373591 -1.025262 -0.849568
100.000000 -0.545486 -1.853596 1.206559 -3.694695 4.636462 2.546791
100.000000 4.073577 -4.456314 1.921186 6.538827 -1.157730 -1.992302
100.000000 2.031162 -1.622016 7.303696 1.857542 6.907044 2.963124
100.000000 -0.171143 4.527332 -7.960412 -0.827314 -4.846135 0.047893
100.000000 0.820697 -6.117118 -7.855020 2.417516 2.589750 -0.440935
100.000000 -2.355196 2.452885 2.854806 1.773477 9.262387 0.038204
100.000000 -4.620522 -0.255286 9.365462 -4.146311 -3.523178 1.161641
100.000000 0.187472 1.122897 0.930523 0.589647 -2.546458 1.452994
100.000000 0.785689 -6.468466 2.595654 -3.900019 2.476024 -6.320711
100.000000 8.766788 -1.133790 1.740760 1.042274 -2.751407 1.117799
100.000000 -7.004675 0.720904 3.143690 -1.916705 -1.355503 1.977509
100.000000 -3.388174 -9.778543 -4.015119 -0.655657 -5.652074 -1.445823
100.000000 -0.376551 -0.650227 -1.527465 -1.613147 4.522120 3.632648
100.000000 4.062734 0.741182 -4.322686 1.000152 2.774431 6.125115
100.000000 -1.249381 -4.911395 0.639168 -2.412865 0.650855 3.540850
100.000000 -4.151033 -1.307911 -5.890351 -2.452601 5.413587 1.296790
100.000000 -1.474523 -5.212133 11.547283 1.642335 -6.326667 2.285340
100.000000 -0.889729 -4.396664 -2.256031 -9.412257 0.328697 -4.250713
100.000000 -4.325569 3.000937 5.706746 -1.090224 -1.498959 7.136541
100.000000 -6.983255 1.424644 0.803944 -0.452200 1.328973 2.458563
100.000000 8.132216 -6.149621 -5.930352 1.647945 -7.071443 1.007309
100.000000 0.554723 2.315019 8.529718 -1.632995 4.461166 -2.413923
100.000000 0.833753 -3.180459 -0.339430 3.390017 -4.428644 -2.011058
100.000000 3.942195 4.044767 1.566831 2.184426 -2.349359 -1.077039
100.000000 2.202196 -2.150910 0.218238 -0.322346 -7.979349 1.183270
100.000000 -3.373479 2.892361 3.579720 0.924543 0.156492 -4.208025
100.000000 -3.561675 -7.407398 -1.676373 3.846856 6.522377 -2.941709
100.000000 -7.723048 0.808143 -2.078548 -0.714984 -8.423853 -3.479317
100.000000 -6.010544 -4.397199 5.372413 -1.000817 -2.541155 -0.519258
100.000000 -0.625480 8.453107 -1.754273 -0.992237 1.849376 -1.225584
100.000000 0.394903 2.063452 2.975258 -3.100992 -4.877080 0.784360
100.000000 8.749743 7.475114 -5.848018 1.356311 -2.614561 -1.918984
100.000000 0.529045 -0.238498 0.049174 -0.354951 -2.969428 -0.613611
100.000000 -1.471310 2.516435 -2.713879 -1.087650 5.802363 -1.687282
100.000000 -13.693581 -0.535514 4.071250 12.808141 3.423235 -3.417479
100.000000 -5.985337 -4.088731 3.130610 -10.307033 4.206349 2.980754
100.000000 -7.289814 -0.857733 -1.885156 3.735626 0.424964 -0.622205
100.000000 0.086405 -0.943458 3.355113 -0.680062 0.757546 1.975094
100.000000 -2.509035 7.624443 -1.912730 0.924997 -7.037796 3.483488
100.000000 -4.123318 -5.900970 -11.615518 3.678082 -1.407911 -2.217947
100.000000 -7.531475 4.502504 3.297471 5.933435 1.837944 1.581277
100.000000 1.890765 -5.675247 6.244898 -3.345325 -1.025836 1.009985
100.000000 -4.796304 -6.542680 3.640858 6.509225 10.139365 5.451754
100.000000 -1.644152 0.569250 -6.538986 -2.437487 2.133981 4.168321
100.000000 0.606831 -5.899324 -0.659443 -1.628971 0.585842 -4.730538
100.000000 -2.025783 1.698068 15.234505 -4.173929 5.234849 -3.242668
100.000000 -6.170116 5.702108 2.420303 -1.729908 -0.816692 1.860440
100.000000 1.708416 -3.710758 -2.559493 -4.571287 9.851090 -2.646823
100.000000 2.110206 -3.062948 0.583827 0.578891 -6.731395 -2.681008
100.000000 -0.650208 -1.624861 4.029726 8.227119 -1.555451 -4.521457
100.000000 -2.744387 -0.873305 -6.238597 2.417840 9.150027 -6.683479
100.000000 -10.640761 3.464817 -1.227614 1.085881 -3.136674 -1.225644
100.000000 1.309003 -1.912483 -2.902956 -7.762637 -7.521103 -1.339081
100.000000 5.338003 1.193545 0.296579 -4.154252 -0.379056 -8.049522
100.000000 2.885650 7.370829 -0.523530 -5.941978 -0.706552 6.259976
100.000000 5.395941 3.912483 -5.175179 -3.061955 -4.385104 0.818645
100.000000 1.602430 0.967859 -0.069048 -0.926547 1.997444 1.685869
100.000000 -2.982724 -6.522233 -5.258370 -3.088602 3.333971 7.522977
100.000000 2.282545 -0.533698 -0.079831 -0.919387 1.336879 3.218373
100.000000 -1.938258 1.656374 -2.031412 2.510920 -8.993759 -1.308680
100.000000 -1.662113 -4.990133 -5.351605 5.234022 -5.773958 -2.351253
100.000000 -5.073091 2.573698 -2.337080 4.139738 -3.111986 -4.032903
100.000000 1.884180 7.662123 -0.250916 3.566314 -6.328233 0.652483
100.000000 9.425762 -0.228687 0.243735 -6.214642 1.945905 -3.926668
100.000000 0.353351 1.906666 7.624057 0.700207 5.080987 6.782085
100.000000 3.178284 0.277237 -3.220389 -1.274538 5.409168 1.293868
100.000000 9.718643 -2.263877 2.463062 -8.753034 -0.581954 -0.341227
100.000000 -4.934659 0.387750 0.251048 -1.186899 -7.821164 -3.496105
100.000000 -6.042794 1.304767 4.807400 5.067598 4.486989 8.700563
100.000000 -3.209358 4.602221 0.668277 1.344708 -0.348434 -7.816454
100.000000 -1.949281 0.387653 -0.846567 4.496360 15.051146 3.497380
100.000000 -1.269238 -0.330853 -6.779991 -4.529310 1.086435 -1.757464
100.000000 -2.630282 1.734423 -0.208036 -0.349655 5.140851 -2.301618
100.000000 -9.677739 1.148951 1.135880 5.642406 5.592836 3.224905
100.000000 -1.533461 5.724403 2.828577 -2.165876 3.101533 -1.371828
100.000000 -2.400711 1.695493 5.626280 -5.006644 1.580795 -4.652769
100.000000 -1.344543 3.526045 1.944190 -1.092441 -9.476395 0.940966
100.000000 -6.906628 0.844267 4.740469 0.179705 0.824721 2.430952
100.000000 4.188370 1.182329 -2.548321 4.760192 9.586880 1.045657
100.000000 3.915775 -8.911046 6.737578 -4.586113 7.023137 0.769068
100.000000 6.431005 1.272966 2.786749 1.034845 8.075210 -0.193791
100.000000 -1.208191 2.047041 2.365945 11.435063 2.479949 2.590387
100.000000 -0.285929 -1.035769 0.565267 -3.828752 -0.872584 -2.448767
100.000000 -6.641629 7.401121 3.053113 -0.090240 3.437105 -7.907351
100.000000 -1.346176 -1.762947 2.543945 1.030573 3.265764 -5.208697
100.000000 -2.279188 -6.058035 0.576623 0.474609 -2.109581 4.387180
100.000000 5.480772 1.666986 -3.808263 -4.803227 1.111085 9.416466
100.000000 -3.771066 3.520081 -2.476618 -1.128608 1.703925 5.041595
100.000000 1.262562 1.763537 -3.874977 9.395450 -2.522360 -4.642787
100.000000 -0.111537 -5.187898 2.706739 5.472494 -9.186468 4.075226
100.000000 4.395860 -0.810187 -5.089344 -0.932397 -1.977939 -2.308521
100.000000 -8.862080 1.823381 -2.831066 -1.417096 2.300638 -1.687552
100.000000 8.349566 2.573837 -8.293008 1.990141 -2.007332 4.387573
100.000000 3.953439 -1.568149 2.205046 1.085037 1.190055 -5.896350
100.000000 -0.236982 -3.087669 3.820306 4.430832 -2.949259 4.834664
100.000000 1.700885 0.001900 -0.449613 2.197991 -4.257640 -5.446306
100.000000 1.971154 -3.671304 -0.663332 -3.450667 2.533638 0.721434
100.000000 4.042365 1.085210 -2.678056 1.410644 -1.384832 0.435011
100.000000 -2.765189 -1.443797 6.155600 3.172102 -0.053778 1.673967
100.000000 -1.731210 -0.808566 5.243106 -7.148633 5.575798 8.416302
100.000000 -2.211345 -7.848787 6.200912 -6.411567 2.499129 -0.239716
100.000000 3.836335 1.430198 -0.484365 -10.340321 0.578661 0.653603
100.000000 0.333858 -4.983974 2.815585 -4.148997 -0.640036 3.387917
100.000000 -6.730319 -4.721757 -3.945415 -0.822592 -1.604277 1.251589
100.000000 -9.649491 -0.867728 -1.325537 0.015104 2.194609 -7.184169
100.000000 4.753496 -1.407630 -7.367359 -1.455045 -0.882126 3.537308
100.000000 3.038957 -4.118322 4.009288 -2.914903 -4.118068 -0.802676
100.000000 2.916887 4.495733 -0.189983 -3.389877 5.092261 6.524709
100.000000 5.085831 0.440122 -1.221038 4.667218 0.429927 4.227121
100.000000 -0.903114 -3.464901 -2.259743 -1.037832 -0.060557 1.077883
100.000000 4.250203 4.273724 6.308023 1.386475 4.082374 -7.503117
100.000000 4.558018 -5.525280 -0.533029 3.982660 0.388602 -0.909106
100.000000 -2.377935 3.202875 -2.240851 -5.943748 -0.682083 -1.755020
100.000000 -0.384888 -1.560420 -1.144572 2.321098 2.885659 7.264462
100.000000 -3.196391 1.108827 1.183264 1.803933 -3.365428 -2.945508
100.000000 -4.637717 1.065569 -0.713506 4.994184 0.456045 -2.212306
100.000000 5.707380 2.977010 -2.509929 -1.616146 -6.080447 -4.358059
100.000000 -4.598905 3.362136 -7.008543 0.438852 -2.612823 5.505852
100.000000 -1.526713 1.205941 5.255951 1.388511 -1.362197 2.482247
100.000000 5.330795 -0.446489 4.404253 2.072438 0.173192 -3.656182
100.000000 2.852585 0.640362 2.542438 -2.072263 1.112723 -1.794560
100.000000 4.690060 -2.697078 -7.133907 3.107514 -1.626927 -0.829484
100.000000 -2.905854 -5.231609 1.824345 -2.006105 2.055343 -8.687671
100.000000 -3.708787 2.053460 4.411036 5.196641 -0.176731 -6.607189
100.000000 -6.921590 0.578949 -2.018059 -4.811684 3.669232 5.207587
100.000000 -6.521872 -4.169616 2.490918 -3.954216 2.772884 -1.149096
100.000000 0.414043 0.100240 3.501001 4.556823 3.733272 4.335505
100.000000 -5.578607 0.554270 2.301606 0.195742 -1.952634 -2.287813
100.000000 -6.513369 1.884196 -4.237600 -2.496395 7.085462 10.611053
100.000000 -3.046123 -0.464957 1.688203 6.413320 6.733975 -4.141849
100.000000 1.907479 -4.083544 -4.852271 3.011111 -1.270661 2.204073
100.000000 -3.881425 -2.186661 -2.067377 1.009400 1.017380 -2.781060
100.000000 1.784333 -4.876751 -0.959269 6.534500 -0.713558 -0.961168
100.000000 0.794644 -4.768510 -9.672815 -0.055985 3.891496 3.897328
100.000000 -5.745693 -8.664867 1.849699 4.671711 4.649261 2.927407
100.000000 0.837171 -2.536648 -0.072595 -4.797876 0.473806 -0.583077
100.000000 2.888210 1.023465 -4.480591 -2.971932 -1.959020 -3.207433
100.000000 2.415902 2.159493 0.376763 -2.049771 -5.820527 0.415839
100.000000 -8.714897 5.864619 -3.253024 3.814513 -5.596245 2.074480
100.000000 2.181588 -5.843133 -2.268817 -7.186138 -4.985172 -4.251145
100.000000 2.303797 -2.010802 -1.110320 3.182235 -0.321573 -2.914441
100.000000 2.812724 -6.193970 -0.993488 4.322724 2.217595 -2.173332
100.000000 -2.814619 -4.537467 0.214341 -0.914981 7.075784 -1.504552
100.000000 -0.931444 -3.512030 -6.675931 1.814535 7.416537 -5.206877
100.000000 3.647347 1.794099 -1.032563 0.492008 -4.446980 -5.387999
100.000000 -7.357046 0.842864 -8.930994 -0.752132 -1.802130 -1.406871
100.000000 2.153660 -2.783254 1.052623 -0.076217 -1.928384 1.314272
100.000000 0.856002 -2.742109 0.549542 0.706477 -6.290958 -1.188550
100.000000 -1.644712 1.493016 0.587312 1.725535 9.814655 4.705400
100.000000 -0.986392 -5.985826 1.617913 -3.205978 -3.503668 -2.517608
100.000000 -2.416491 -1.030751 3.486345 -4.090624 -1.367219 0.804064
100.000000 -1.832416 -4.958418 -0.162416 -1.134714 -5.962039 -1.726121
100.000000 -1.840873 1.848621 1.158471 -0.765918 11.054907 -0.464758
100.000000 -1.431686 -3.811290 0.658461 2.765917 4.508363 -2.559408
100.000000 2.824670 8.172447 0.170889 -1.531743 0.102176 -2.929600
100.000000 2.863118 -9.474240 3.432181 2.451842 -2.626560 -0.113187
100.000000 -7.534846 1.675674 -1.238362 3.924988 7.477118 5.293512
100.000000 2.635576 3.708013 0.080350 4.213467 -2.926943 -1.034558
100.000000 -1.388981 5.894209 4.874697 -2.715237 -2.612180 -3.472792
100.000000 0.706133 3.612656 1.006693 7.852674 6.570344 -3.272367
100.000000 -2.187583 3.372530 2.770449 3.738455 -7.573043 -1.173310
100.000000 -5.991175 3.680334 1.571410 -5.847278 -5.628033 -2.075710
100.000000 4.058267 -2.614415 -0.905014 4.517471 -3.438157 -4.639179
100.000000 2.903051 -1.277207 -5.446026 1.206410 2.112102 -0.944499
100.000000 0.920934 -1.537185 8.639416 6.311038 -4.637300 -2.003830
100.000000 -2.168026 1.202205 6.578746 4.556633 -0.648712 1.760379
100.000000 -5.645194 -2.275955 -6.281864 -0.861744 -9.740539 -0.210142
100.000000 -4.938197 -5.079341 -2.273687 4.028210 -7.835916 7.046560
100.000000 -4.356773 1.002838 0.383608 -2.012991 1.818829 -1.950977
100.000000 0.660435 4.163577 4.471020 2.308945 -1.306587 0.209003
100.000000 -7.529222 -4.073106 -5.205334 -4.081285 -2.246460 4.265238
100.000000 -0.364664 5.800034 -4.109503 -5.682563 3.606782 -2.014647
100.000000 1.359308 3.220227 3.594368 0.433110 6.919179 0.304464
100.000000 3.461180 -1.030175 5.775037 -6.150863 6.159903 -3.759906
100.000000 -0.650005 4.281095 -1.512487 -0.878952 5.833647 0.502562
100.000000 1.438388 4.429182 2.275201 2.407301 -1.822720 7.304491
100.000000 1.319789 8.400099 5.169980 5.019601 -8.643399 -6.227647
100.000000 6.363990 -2.683738 -2.984883 -0.711641 -1.378313 -1.506853
100.000000 0.487403 2.493594 4.092382 0.254776 5.232010 5.605644
100.000000 -2.201297 8.083558 2.011261 3.705063 2.005681 8.148033
100.000000 5.462027 -0.832653 2.441986 -1.326871 -6.769485 2.769708
100.000000 -2.594573 1.191050 3.858230 -1.064988 -5.428219 1.981315
100.000000 1.532958 -4.435239 8.901239 -2.792067 -0.347047 7.125179
100.000000 -6.722741 1.119278 -4.506026 -1.916302 1.328665 -1.832123
100.000000 0.661177 -2.719485 10.984685 -1.764153 -1.001796 2.242102
100.000000 0.594126 -2.844032 -5.363453 -6.097247 0.208070 -0.648588
100.000000 -0.542952 5.482835 -2.782595 -5.724056 -1.741175 0.104017
100.000000 2.927276 3.873138 0.549260 1.069981 -15.734365 -2.548171
100.000000 3.344247 4.124811 -2.982979 -2.264014 -0.540169 0.218479
100.000000 -2.468941 -4.508871 -0.219461 1.603136 -0.354536 -4.518120
100.000000 -5.510963 -1.230020 -0.557232 -3.477158 0.461336 3.812751
100.000000 -4.305978 0.029406 -2.821510 0.112259 -2.137198 16.808626
100.000000 1.252563 -1.021130 -10.324456 -1.552666 2.733884 -7.212082
100.000000 -6.277136 -8.702452 4.850777 -4.579681 0.250828 -1.283155
100.000000 -4.842276 0.349999 -0.182948 0.557226 1.267695 -5.156221
100.000000 0.608075 -0.070397 10.714442 0.847201 4.274839 -3.942681
100.000000 -5.274347 -5.851188 1.769787 -7.944620 -8.265030 8.128386
100.000000 -3.626566 2.311033 -2.090036 0.611496 -3.316759 9.207634
100.000000 4.745142 0.378874 1.812433 0.567315 -1.865513 -7.388753
100.000000 -3.039317 -0.748202 6.595061 -7.201713 -5.378676 -7.043068
100.000000 2.854440 2.272369 -2.221191 -2.048683 0.719222 -0.773299
100.000000 -1.401094 -3.202600 -5.032621 2.326923 6.181664 -0.575919
100.000000 2.859969 9.880113 -4.409823 2.512675 8.923578 4.251126
100.000000 -3.717908 -12.772963 6.823792 3.561094 -1.821531 3.211781
100.000000 6.409357 1.627421 6.340668 -2.962505 6.230856 -0.401023
100.000000 -0.308098 7.016502 -1.094723 5.620889 1.634399 6.877372
100.000000 5.966723 -1.443255 7.087891 0.817419 0.729670 2.814717
100.000000 -6.065138 -1.530270 9.585934 2.193116 -5.735899 -7.996095
100.000000 3.178182 -3.020729 -4.462406 -2.914466 4.063456 -7.196399
100.000000 -0.475371 2.122005 1.397563 3.491332 6.448129 2.340475
100.000000 4.527249 -0.457059 -4.329892 3.397720 -2.516498 -5.174713
100.000000 -0.287652 4.017323 -13.397230 8.342606 4.389688 1.107801
100.000000 -7.707035 -5.883252 3.942249 3.424441 1.950324 -0.597024
100.000000 -9.766643 2.579598 2.377420 1.901293 -2.151779 3.397669
100.000000 -0.315213 0.943656 -6.880677 -5.147212 -0.448635 -8.600734
100.000000 1.636933 -5.829145 -2.342835 -1.931472 -2.453507 3.711889
100.000000 2.334696 10.354464 -4.646697 1.023635 -4.710006 5.489603
100.000000 -7.071767 -5.741340 0.080637 4.623977 1.171561 -2.503898
100.000000 1.136630 1.074088 1.548870 -0.912751 3.242172 4.191201
100.000000 -1.434682 -1.799175 4.258824 -1.965239 0.152058 4.025783
100.000000 -6.244621 -2.789047 2.062883 4.726444 0.375306 2.822187
100.000000 -4.028114 2.613320 1.031350 -2.875308 2.424431 -0.818173
100.000000 -3.358142 -7.154386 -1.996114 6.198041 5.969683 3.330859
100.000000 -8.304086 -5.004323 -0.703219 2.317188 4.848732 -0.413600
100.000000 -3.921785 -2.362113 1.018952 -4.783916 -4.123981 2.704608
100.000000 3.614678 4.003591 -5.607465 -2.242295 4.246606 -8.369270
100.000000 -3.937184 0.822153 -1.471095 2.420015 1.758566 5.884552
100.000000 8.603731 -9.047842 1.274232 5.001202 -4.056923 1.985000
100.000000 -0.862942 -1.355769 -9.981881 0.407493 4.268413 2.309730
100.000000 8.391706 1.412081 1.563494 -0.775477 9.043547 5.806334
100.000000 -2.746806 -3.281105 -0.036230 -1.516706 -2.496474 0.425537
100.000000 -4.620954 -5.052289 3.061223 -1.170093 -0.749638 4.414690
100.000000 -5.844565 11.935679 -1.109671 -2.374469 4.056564 -2.666662
100.000000 1.386448 -2.736830 -4.597154 5.446972 -7.721106 0.187739
100.000000 3.957330 3.039506 0.988303 2.417139 3.029028 -1.884454
100.000000 -2.810736 0.724996 -3.556865 -5.331986 12.232525 6.391246
100.000000 2.487361 1.977606 6.148209 7.699299 -1.042202 0.496790
100.000000 0.298754 -1.500068 0.297667 -1.370561 -10.454217 6.979576
100.000000 -2.191732 -1.104456 -1.076439 5.223771 3.231647 -0.094590
100.000000 -2.265631 5.606958 -5.789117 -2.027072 -5.980837 5.838153
100.000000 0.564329 -9.523152 -1.407471 -1.975816 0.539319 2.629198
100.000000 -1.822104 1.353980 -4.894910 -3.147979 0.960229 3.316525
100.000000 2.767000 1.144524 -3.993044 -6.698653 1.218507 -4.818988
100.000000 -2.010900 -6.577329 3.466230 5.364498 -8.195934 -8.478531
100.000000 1.857495 -3.222637 2.636399 -4.358032 0.260114 5.209394
100.000000 1.261147 -6.271574 -0.302932 -4.008785 -9.021559 -1.852484
100.000000 -3.971589 3.342119 4.037570 -8.628250 -3.381549 8.825320
100.000000 -5.959777 10.647342 1.444624 -1.502409 -0.460323 -3.484552
100.000000 2.473623 -4.815681 1.879033 5.221437 2.318528 1.350484
100.000000 -2.139477 -3.356370 -0.506507 2.936565 6.242321 0.010826
100.000000 -2.541886 -4.269530 -0.861400 -0.971950 3.582970 1.829484
100.000000 0.251347 -4.573213 0.037303 -5.526261 -2.969379 1.483059
100.000000 -1.446181 -2.604594 -5.222178 1.346370 -6.995347 1.277155
100.000000 2.215915 3.222479 -2.574583 -7.310006 -5.469412 -8.052043
100.000000 0.867495 -1.682280 5.762022 5.972429 0.340196 -3.399420
100.000000 -1.204383 -0.958455 1.182122 -3.660262 -9.665506 0.987156
100.000000 0.346534 1.004441 -0.098571 2.784714 4.806774 -4.952598
100.000000 -1.890489 -0.657475 5.228221 -2.512538 -0.798936 1.732574
100.000000 1.816875 4.064846 -1.220845 -0.612685 4.166570 5.404708
100.000000 -3.313551 -5.055915 -4.337173 1.541186 9.722015 -5.194421
100.000000 -2.568084 -1.100708 -1.900712 2.952643 4.316668 -0.082790
100.000000 -2.989805 2.182143 -5.620502 2.566838 3.162133 -1.330961
100.000000 14.849313 -4.617882 5.007465 1.012589 -6.394858 -6.249595
100.000000 1.340411 1.064151 -2.135911 -4.118848 6.640075 4.145809
100.000000 5.354903 -3.423784 -0.110815 5.574064 0.186884 2.637062
100.000000 3.351103 -3.934916 2.382106 -0.587537 -2.269803 0.205365
100.000000 -1.680424 -2.188134 0.177442 -3.426343 -3.878677 -3.795467
100.000000 -5.850461 -1.728236 -6.446061 5.334290 3.402312 -3.202423
100.000000 5.002860 -0.245357 -1.735112 -7.387082 8.715462 4.113957
100.000000 2.848800 -7.488357 4.585711 0.196831 5.316186 1.906507
100.000000 -4.359328 -3.132556 -1.365515 -0.454419 3.378566 2.651084
100.000000 9.305225 0.839624 -1.101132 1.223702 -3.173651 -1.008553
100.000000 1.038868 -2.503341 -2.337443 1.657453 -0.825590 1.641406
100.000000 6.007280 0.364813 -2.269324 10.097453 7.996167 6.673313
100.000000 3.457671 -2.140556 6.639978 -6.867065 -10.480744 2.338313
100.000000 -1.886253 -1.386804 -0.335192 -1.156905 5.946556 -2.234576
100.000000 7.865019 -1.105841 4.571954 -4.182655 -1.951368 -1.185571
100.000000 -0.992419 4.481315 0.160067 12.670573 -2.812105 -1.381661
100.000000 -4.285003 4.392420 -5.703558 2.160187 -4.227848 -6.570269
100.000000 -3.398321 2.368924 2.656129 -2.027421 1.310825 -6.172614
100.000000 0.743785 -3.774043 -0.454882 -0.993097 1.249078 -0.053454
100.000000 6.134944 4.584776 3.509815 -2.635345 -3.368670 1.350099
100.000000 4.396242 0.722279 13.068439 1.982805 -0.796143 3.981236
100.000000 -2.755298 -3.337985 7.610638 -2.321988 7.433099 0.798871
100.000000 4.118485 1.008682 -0.859025 -3.058369 0.438221 6.961142
100.000000 5.170111 7.534303 -7.961261 3.887550 -6.508693 -3.095113
100.000000 2.804334 -1.942429 -2.520455 1.733388 -2.705488 -2.509875
100.000000 -3.165018 -1.747027 -11.468260 2.071115 -4.998779 -2.561137
100.000000 -5.513690 8.566187 8.191695 -0.801086 0.032679 2.394989
100.000000 -2.975337 3.246063 -1.482959 -2.538179 -3.983554 1.107330
100.000000 11.814581 -2.925556 7.016888 -2.741159 -0.693116 8.755555
100.000000 -3.746870 -5.392889 0.408999 -1.679638 2.268175 0.634629
100.000000 -0.934813 -0.713554 8.868366 1.473862 3.354782 -9.208792
100.000000 -0.313737 -1.091943 2.073905 6.341115 7.740183 -2.461220
100.000000 -8.827817 -1.783489 6.629917 0.462557 -3.039821 -2.728168
100.000000 3.732574 0.959304 0.125317 3.018803 -3.193222 -1.585886
100.000000 0.729294 3.392871 -3.702856 -1.983046 -1.110870 1.893856
100.000000 0.923851 -9.407035 6.849886 4.128736 2.852544 -0.189771
100.000000 1.434072 1.062104 -3.778026 -1.561641 -3.398401 4.531390
100.000000 0.890769 0.753431 4.538512 1.226736 -3.825986 -1.426522
100.000000 1.478131 -4.863740 6.703812 11.132964 -0.791124 -1.362050
100.000000 0.999620 2.561669 -8.887012 -4.770285 3.509883 0.605622
100.000000 -7.292499 2.065963 3.668506 0.755391 2.231871 0.999538
100.000000 7.931851 0.315930 -7.430585 2.767321 -5.055643 2.554505
100.000000 2.592137 0.360444 -1.994984 -1.320259 -7.749563 -3.056930
100.000000 -14.446307 -3.599328 2.555666 6.184437 -3.257370 4.263255
100.000000 -2.677004 0.094234 6.642526 -0.743482 -4.123694 5.516174
100.000000 -10.165208 -2.163908 -0.233859 -9.189979 4.415037 -3.343786
100.000000 -6.030593 -0.724285 -1.130380 1.527199 9.835863 -0.569894
100.000000 0.726928 5.382076 -1.848234 2.702402 0.587419 -2.915892
100.000000 0.992585 3.304427 -5.804265 2.864653 -3.641075 3.202439
100.000000 -6.587088 4.191310 -4.959321 0.742354 -3.243098 -1.432057
100.000000 -1.863919 0.138359 -1.699313 -4.719182 3.294674 -1.855316
100.000000 3.984550 1.440288 3.249352 -0.326777 2.613929 0.851970
100.000000 0.419594 -0.053000 1.937024 8.285364 -0.695191 1.712516
100.000000 -9.598616 0.339183 2.112880 -2.201303 6.343919 -2.811566
100.000000 -1.258364 4.171524 8.975222 -0.814015 2.603789 -1.492496
100.000000 -1.958856 -9.386776 2.063231 -0.337495 0.866730 -1.860634
100.000000 0.314931 -3.374467 3.974336 2.263288 14.461095 4.918851
100.000000 5.972835 0.042777 2.860908 -4.021743 0.655218 -6.322058
100.000000 1.540054 -1.025211 -5.227692 0.491307 3.046373 -6.798877
100.000000 -1.224567 -1.199022 -6.599622 -9.178277 -6.662449 1.807020
100.000000 -1.209815 6.939670 -4.151963 -3.027067 1.482521 2.384746
100.000000 -6.306255 -1.932948 2.361882 3.226334 -6.275749 4.831495
100.000000 -5.886856 -1.926165 3.324778 3.910635 5.506909 -1.604365
100.000000 12.644348 -1.386436 3.656526 -0.320062 -6.448606 7.634589
100.000000 -3.976681 2.616339 -0.923384 -4.503601 4.221774 2.761850
100.000000 -0.114957 -4.528496 2.661454 5.056196 -0.153735 2.015408
100.000000 7.629568 0.628740 -2.938302 -6.273784 1.086130 2.726626
100.000000 -1.742083 6.006572 1.817872 -8.667617 -0.376382 -2.948451
100.000000 3.360681 5.280279 -0.558631 -3.006775 -3.609462 -1.362019
100.000000 4.159813 3.867159 5.628175 2.700365 3.780921 -2.571795
100.000000 2.011125 -8.733158 1.792207 0.787493 0.392139 4.585702
100.000000 -0.145978 0.757534 1.631552 -3.191193 3.498206 -1.182588
100.000000 -6.056005 8.426108 -1.756865 -8.603234 -0.963313 -0.376511
100.000000 -2.015072 6.570874 4.957431 1.847515 -1.271251 3.905384
100.000000 -6.435488 1.165624 7.627094 1.458394 3.923693 2.342659
100.000000 -1.410643 -1.959679 6.943158 2.502674 -8.366593 -2.800535
100.000000 11.490119 -0.489958 1.868129 -7.521758 0.379032 1.104864
100.000000 4.388820 -3.235950 4.107144 1.473175 5.322289 2.908113
100.000000 -0.849385 -3.506509 -3.147254 -1.067946 4.934086 3.375406
1000.000000 0.000000 0.000000 0.000000 0.000000 0.000000 0.000000
